time,x,y,z,phi,theta,psi,x_velocity,y_velocity,z_velocity,phi_velocity,theta_velocity,psi_velocity,rotor_speed1,rotor_speed2,rotor_speed3,rotor_speed4
0.06,-7.867425317587173e-07,-3.438349860678493e-08,10.003254355710991,6.283136828465526,0.0006018552324817961,0.0,-6.264411127154966e-05,-3.5964882105715575e-06,0.10847362486758799,-0.0024751265102640257,0.0249185859692189,0.0,438.81098633884386,440.87423740658306,439.41924866594513,439.21407499776575
0.12000000000000001,-2.089439562592305e-05,-1.644128938819539e-06,10.01053312242631,6.282997311296802,0.0016236311954456184,0.0,-0.0007301067872801894,-6.316554858220562e-05,0.13414886116776184,-0.0020272570042992543,-0.007512149243831093,0.0,413.6110798847548,410.7454868226958,413.1246044436563,413.16413369005573
0.18,-0.00010082343362211287,-1.0302359121747308e-05,10.024301717915852,6.2829320142700915,0.0012879072215827847,0.0,-0.0018890386851843704,-0.00023615119563973915,0.32476887398894105,0.000726620887986583,-0.0020136799286186347,0.0,464.21857809873956,464.6498577517517,465.05673618180725,465.2723768879899
0.23999999999999996,-0.00023844415192516167,-2.8976944151315057e-05,10.044768710540808,6.282545895868234,0.001761583603982153,0.0,-0.002719207369845547,-0.0003960658164422769,0.3574542234344985,-0.02730962212422393,0.022644709700607918,0.0,413.89768268015285,416.0617809945828,416.47455638315586,414.01556861729404
0.3,-0.0004559613124198855,-7.548234165682286e-05,10.074997248284651,6.282011681046223,0.0037887564502963045,0.0,-0.0047601624027300195,-0.0012774227898182675,0.6500428023792209,0.013814578031305301,0.04988313737127906,0.0,494.35664105931716,496.3596323842499,491.9610385228122,494.99619681445995
0.36000000000000004,-0.0008460386515278273,-0.00017673189108293288,10.120398662994239,6.2827593100315475,0.006772286987999365,0.0,-0.008596703111995299,-0.002003634167022117,0.863199269157335,0.009604636129154537,0.04940848490036996,0.0,471.3305393704144,471.2952543516972,472.65840857623857,472.3337629616023
0.4200000000000001,-0.0015136667766864431,-0.0003036070775820019,10.1751959037248,6.283013697786352,0.010192076417791185,0.0,-0.013985897352075815,-0.0021800221278096337,0.9632934040054592,-0.0095471996165775,0.06897634472040885,0.0,437.44750375727534,439.0759091392009,437.94999173832883,436.3542822502337
0.48000000000000015,-0.002547463894492296,-0.0004385388684076819,10.233099830431922,6.283134449598926,0.01398498974197171,0.0,-0.020825068429061767,-0.0023317603404910243,0.9668303403747938,0.018552766078579655,0.04805033077501758,0.0,406.59522309606444,404.71956243877804,405.3119051850265,407.8292291210265
0.5400000000000001,-0.0040647659546582515,-0.0005756427892873882,10.29189770474057,0.000946607991873627,0.016803345976390105,0.0,-0.030011094507619036,-0.0021419713240912065,0.99307215164128,0.012458486284813903,0.04472577780422503,0.0,414.1389887684047,413.84799800426265,413.9226084187895,413.3859435632464
0.6000000000000002,-0.006244207449263691,-0.0006800400031775133,10.355717380501186,0.002012485717682644,0.019126750576075047,0.0,-0.042909706931348664,-0.0012382715803659074,1.13411555847186,0.0266888239650796,0.02266746014479938,0.0,451.09421801897577,449.31032828124637,450.76918596613956,451.91747524972055
0.6600000000000003,-0.009333435143033043,-0.0006931009501766276,10.432665491939062,0.003506510096587867,0.02028043120690004,0.0,-0.060224534617037966,0.0010053373814164835,1.4304947696132357,0.02105999398188499,0.011266432286505802,0.0,497.037400467973,496.20115569355397,496.8472580502559,496.43447871097436
0.7200000000000003,-0.013340788624794327,-0.0005608246896245425,10.520097335002758,0.004553279490882467,0.02158365118795924,0.0,-0.07345204444326855,0.00351460823573171,1.4838291815010747,0.009008703839311849,0.03707565601737215,0.0,422.4675358913136,424.6869265256599,424.8204243572351,423.7858506112367
0.7800000000000004,-0.01817302096071902,-0.0002598540022487149,10.610769422123509,0.005378834910980679,0.023263919752878337,0.0,-0.0878207962656605,0.006583788816464931,1.5384961811367757,0.021879610351830173,-0.0046277484462571294,0.0,427.1315560240249,423.56058858734445,423.17529818163047,424.28158772814686
0.8400000000000004,-0.023986886495032295,0.00026674419637209113,10.708836478131166,0.006368600090180365,0.0235783635875908,0.0,-0.10597666215639887,0.011104558909720065,1.7301338956332382,0.0026471966388886756,0.019946217870883236,0.0,466.77365461985556,468.6872640420928,467.8573043393952,466.3575381202181
0.9000000000000005,-0.030894765633289672,0.0010806122436167417,10.818052038892459,0.006130680792172605,0.02480279103071581,0.0,-0.12441734832004848,0.016024008569236185,1.9100973994278823,-0.022432730419047586,0.0213132839484923,0.0,464.56833931829976,464.6754703320473,465.38778719295505,463.4207811997733
0.9600000000000005,-0.038960404208665256,0.0021829448525615166,10.938965961624918,0.0046922482140132615,0.026188788153211462,0.0,-0.14458629077343624,0.020553834578269488,2.1199973256746234,-0.027249103754825515,0.02645279581508827,0.0,473.72564691149415,474.1206639302771,474.2520227599223,473.8819286664155
1.0200000000000005,-0.04815519851097172,0.003502291055482145,11.068108479637717,0.0031557361816725304,0.02786707439549385,0.0,-0.16206218669349168,0.02327053608555911,2.1846270463094952,-0.022514625048005808,0.030847324044647243,0.0,429.8140335216775,430.1865250713914,429.87987613116223,430.28070961665037
1.0800000000000005,-0.0585297351117392,0.0049654398203015085,11.204580545015748,0.0014720694488437047,0.029502325468926394,0.0,-0.1839458141499926,0.025331224926892555,2.3640813139422585,-0.04247056981343708,0.01887447803661916,0.0,465.5286801326465,464.5910656154926,467.7329040532498,466.17599320455207
1.1400000000000006,-0.07030724463844641,0.006510151702548461,11.353673710593231,6.28177941325988,0.03026658724530229,0.0,-0.20874491114070873,0.025829300011998714,2.6051682290712836,-0.06219453396423228,-0.003832598915719713,0.0,485.8058943940881,484.1002470140169,485.4069382670421,483.9232717503816
1.2000000000000006,-0.08357217896051514,0.008008782703937904,11.516752564041948,6.278155435511987,0.030688519428196948,0.0,-0.2334231186802309,0.02368327202674802,2.830260732041813,-0.057033321694896735,0.022835889618261343,0.0,480.73659426834115,482.75301139713946,480.5578108301262,480.9465736621323
1.2600000000000007,-0.09821555355342447,0.009313098714038551,11.68949081928248,6.274625339350555,0.03213475690683154,0.0,-0.25482574454348805,0.01944249201361934,2.9274285392287993,-0.06270455207723506,0.02652630279160866,0.0,444.6217414957308,444.92405804660484,443.05007944308005,442.58110917616176
1.3200000000000007,-0.11423130827448061,0.010272972978473799,11.86982321938351,6.270375144892071,0.0339344357279705,0.0,-0.27920812498497366,0.012126140278935124,3.083231294125818,-0.09674285282219987,0.03615728270367023,0.0,462.21747756459314,462.97610376749446,463.5127397282351,460.82580422927657
1.3800000000000008,-0.131688764572602,0.010716038515782825,12.057645964743156,6.264660024915003,0.035953627580269654,0.0,-0.302911431990139,0.0020640973355416726,3.1772513080386067,-0.09242764620911179,0.028105928051530674,0.0,444.2705865013861,443.6103873627187,444.39507132622583,444.7409280859977
1.4400000000000008,-0.15062828402820572,0.010428820387865132,12.251634011107312,6.259017621387024,0.038300283148983816,0.0,-0.3286108250618628,-0.012211487200982248,3.2886794551474177,-0.09747464382386495,0.05506160038404896,0.0,449.9257207939459,452.1035509601549,449.74246257214594,449.3260847497954
1.5000000000000009,-0.17133694135260197,0.009053572515470013,12.456728581503429,6.252923196555837,0.041489700034249566,0.0,-0.3620561953199721,-0.03435688526816103,3.54699957012833,-0.11137449709999804,0.04904775021974785,0.0,495.08568775353933,494.64453949733235,494.48006865754394,493.447118485098
1.560000000000001,-0.19408078261566516,0.006229121926401107,12.676098552210025,6.2461462488414625,0.04419175903380701,0.0,-0.3963825658083169,-0.06057201001623167,3.7645940712780317,-0.11629736525269754,0.035474977297645906,0.0,484.3110788941227,483.2900819423439,485.15033481864685,484.7703629775534
1.620000000000001,-0.2187405350169032,0.0018432981965201193,12.903904372420127,6.23907749048808,0.04634538531026511,0.0,-0.425808195121851,-0.0862921382620412,3.8286770462578166,-0.1210265403996683,0.03671828892732905,0.0,439.2107716944254,439.31447157351687,439.76619982403264,439.3616226413801
1.680000000000001,-0.24518027213684468,-0.004197605335104459,13.134943018880437,6.231436850532781,0.04838820208808059,0.0,-0.45571065101006236,-0.11575732702455763,3.872413020145456,-0.1445888074434726,0.028084248158134838,0.0,433.32752309109327,432.6015628496283,434.9261064500278,432.93231772645703
1.740000000000001,-0.27340248088506225,-0.0121019595530687,13.367590768002454,6.223303459900809,0.049813479511522374,0.0,-0.48516972082583465,-0.14845988252128536,3.8824205244329133,-0.12182670619986961,0.013266909300768973,0.0,423.43120998590655,422.1545769982164,421.95203464590844,423.8942546949783
1.8000000000000012,-0.3033267636577445,-0.022001891165767236,13.599057799932785,6.21564501178343,0.050589238497005695,0.0,-0.5123802990911158,-0.18214224374289587,3.833262510722898,-0.14298441979069895,0.012245454871414117,0.0,402.9786670924459,402.8862143458311,403.9952878862617,402.06572502107144
1.8600000000000012,-0.3351569776692047,-0.03440361773723673,13.832675335895395,6.207413480088903,0.051548791556204954,0.0,-0.5486987512852455,-0.23209873580187657,3.953497273451277,-0.12759341355559012,0.022594000357010445,0.0,458.2651798387617,459.0869843882151,456.5755205533952,457.7848609315768
1.9200000000000013,-0.3693348119369875,-0.0501896680692551,14.076284816360168,6.200237146568927,0.05286223318483341,0.0,-0.5906844645742837,-0.29491721577140045,4.165968236064265,-0.10713207262607265,0.0204457597228582,0.0,486.19134871632616,486.03032940504744,485.81928337016495,487.33935492275316
1.9800000000000013,-0.40566961907484606,-0.06928923059489836,14.325238732207957,6.193957034018652,0.05378924336397706,0.0,-0.6205761928787942,-0.3422648747401922,4.1325464885572565,-0.10015149028607127,0.002891559112598527,0.0,411.3863416215462,409.8288001345723,411.4294218070642,412.0365252149994
2.0400000000000014,-0.4438621650539043,-0.09141665660888648,14.573101720947705,6.1876264576768705,0.05483094854297388,0.0,-0.6525738689594781,-0.39584679452730914,4.129487248777632,-0.11925659481884457,0.03674874427777024,0.0,419.22677574238367,422.15868420155584,422.754856929729,421.0946153801031
2.1000000000000014,-0.4840898329577802,-0.1170320351378573,14.822398310237526,6.180083564087518,0.056771788463284345,0.0,-0.6885394357430041,-0.4586681129708353,4.180102817211153,-0.14352093350139847,0.021645527671188963,0.0,440.021682479954,438.7698746747894,439.6927213775056,437.66260346024967
2.1600000000000015,-0.526658918807121,-0.1468374507096423,15.07729963621714,6.1718754755423895,0.058043717589503885,0.0,-0.7305425776154788,-0.5356870692959237,4.315958886159851,-0.12594894039563345,0.020290176202371883,0.0,466.5711486540658,466.4652846616151,465.1934710402525,466.55092326848865
2.2200000000000015,-0.5716763310116857,-0.18124522320634964,15.338621819666113,6.1640910444645876,0.05912587261851687,0.0,-0.7701380347263466,-0.6119559739712458,4.3943427536286155,-0.13866134062293872,0.013096465405214329,0.0,450.59271250258706,450.0106582760898,449.92695547867885,448.88110006044946
2.2800000000000016,-0.6190517635252141,-0.22030794756049082,15.603972244755289,6.1561226760631484,0.05956760149745488,0.0,-0.8090961930626313,-0.6908787170907089,4.450305061847599,-0.12311990924995789,-0.007717031390778442,0.0,444.70780625227155,442.9994053010474,442.94328403830013,444.20323779248054
2.3400000000000016,-0.6688116550618344,-0.26434619197957987,15.873351220892571,6.149079078091415,0.058977931206661616,0.0,-0.849501251994103,-0.7777289514040434,4.528540254290214,-0.10788420275654287,-0.014424382989397437,0.0,451.51652395979534,450.97513798574914,451.16705085612165,452.38336025140273
2.4000000000000017,-0.7210021407783168,-0.3137750183236075,16.147708658993608,6.14273543104869,0.057799832547225094,0.0,-0.8900659348580213,-0.8704879546960089,4.616211101522761,-0.10173276237717245,-0.032899496290042525,0.0,456.19132185121146,454.71353287964627,455.10511794646084,455.58776473388025
2.4600000000000017,-0.775736048561004,-0.36923147566410774,16.42964980173211,6.136383012042767,0.05555057672285546,0.0,-0.9341296769635635,-0.9786529514258019,4.780988679942816,-0.11579545036712942,-0.048756659734846115,0.0,480.09616604763494,478.890777235543,480.5636062482222,479.48732835083496
2.520000000000002,-0.8328445336482395,-0.43074537632647747,16.717569028852555,6.130093453689621,0.052936872752606945,0.0,-0.9692298570839871,-1.0723922799619565,4.8160252290403465,-0.08892103614855203,-0.03479829996783694,0.0,441.29644248617757,442.4461652025879,440.1959288867174,442.40440330765733
2.580000000000002,-0.8920549871153987,-0.4981158571634672,17.008332299058445,6.1247878184752125,0.05088607911486953,0.0,-1.0042452639848882,-1.1737600611940264,4.8756816923131305,-0.08745819769922272,-0.032971158550123926,0.0,449.2384536225629,449.3861369956889,450.71152669550327,450.8233727977044
2.640000000000002,-0.9534220778551882,-0.5719639833299613,17.304467110066472,6.119183597002134,0.04948472155620198,0.0,-1.0411306827164735,-1.288322592077683,4.994784751288696,-0.10923616242263451,-0.008940023267957984,0.0,468.64950430828054,470.51379942318323,469.76983259182043,468.0707131326948
2.700000000000002,-1.0169525613197659,-0.6527214417370814,17.607187749128393,6.113263725741826,0.049250661656360606,0.0,-1.0764961183861756,-1.4041435127426523,5.09524438518984,-0.08318894192241243,0.004640623690738732,0.0,464.30122205777394,465.3656895537657,464.22949905015037,466.26088647682377
2.760000000000002,-1.0825724702462345,-0.7404336699374157,17.915252102830927,6.10834976272762,0.0501919476695285,0.0,-1.110886471517823,-1.5200208055259838,5.173009710609852,-0.07943903534176319,0.0316867996776724,0.0,459.0183817261017,461.15997336421646,458.5675346457097,458.8601486236701
2.820000000000002,-1.1501066857882865,-0.8345943749678038,18.224555948615134,6.103288181022702,0.052154051854468086,0.0,-1.1404242675938336,-1.61909684625705,5.137089427420098,-0.09666657073237894,0.03465766289180676,0.0,423.40019501207786,423.6562234264098,425.09614702495645,423.6106915954303
2.880000000000002,-1.2194636061944804,-0.9348408799643173,18.53196519024166,6.097916203307742,0.05481734527562754,0.0,-1.1716841635801538,-1.7229348806178346,5.109786600946709,-0.07813607861871497,0.058933634746668524,0.0,426.3523251295225,428.4229006658719,425.67987065381374,427.25567582467676
2.940000000000002,-1.2908893219848223,-1.0418843455527018,18.840239296029285,6.092999281870441,0.05812610704474519,0.0,-1.2094889472006163,-1.8455838140964531,5.165503530884589,-0.09093317181468637,0.046229096586957494,0.0,455.186904591172,454.1708508663559,453.9717465634429,452.93819063086255
3.000000000000002,-1.3646044598786229,-1.1562487366764531,19.1511078455868,6.087624306633295,0.06161472365765164,0.0,-1.247969698228031,-1.9670260944542592,5.196361723860386,-0.08701236671177534,0.07504516887981998,0.0,445.95184499817793,448.30200574969655,447.2984639621962,447.61105751372503
3.0600000000000023,-1.4406920248850084,-1.2779749281261368,19.463659088574204,6.082830828892259,0.06652129370397208,0.0,-1.2887064891540436,-2.0909360269997777,5.221597924393286,-0.06850976957158349,0.09264849470281414,0.0,446.1641236224225,447.6045388541959,445.1829216707538,446.6893170932258
3.1200000000000023,-1.5192699526123106,-1.4070782999101166,19.77697498936984,6.079227568817892,0.07211893671559011,0.0,-1.3310455725528831,-2.2128396760985454,5.2219770900745175,-0.04700409137607607,0.09455396639247066,0.0,440.32704652293125,440.4921217325514,437.2028432381322,438.9885436301299
3.1800000000000024,-1.6006032972912156,-1.5438763995706184,20.091802986444954,6.076286856228425,0.07764093148808726,0.0,-1.3805792368685625,-2.3473189696679913,5.271754462076453,-0.05336295570113674,0.0864481844830168,0.0,455.88163451619266,455.24025774414514,456.1123184244296,455.60267204230047
3.2400000000000024,-1.6855313775043712,-1.6901547300622153,20.415996481950504,6.0740669445498945,0.08237902709499778,0.0,-1.45088755569818,-2.5286726092374248,5.533037670002245,-0.015944178071015228,0.05659125426559449,0.0,520.1118044617759,518.0199888138253,517.9404214757295,520.5650922050112
3.3000000000000025,-1.7742170302193678,-1.845929302238369,20.749054054217538,6.073188511885441,0.08585210040581082,0.0,-1.5056048695263256,-2.663876740688897,5.56845036858449,-0.012153132182623478,0.060352230661301604,0.0,456.16214465566236,456.46465603242683,454.917803716935,455.2214368816641
3.3600000000000025,-1.8662039831087551,-2.009720067509205,21.083643127701464,6.072427708658587,0.08976627925158898,0.0,-1.5609599989006808,-2.7958873439575878,5.584183496379807,-0.013755268497945984,0.07354895910659764,0.0,449.53269835505006,450.6040490518959,450.70308469200694,450.5736741329425
3.4200000000000026,-1.961708947226864,-2.181733586310429,21.420446448589534,6.071258574045274,0.09368411297360435,0.0,-1.6229198972624932,-2.937945755511209,5.642002809965771,-0.03454769289979179,0.03866161015113101,0.0,466.73708934770144,464.0084144716919,464.123868754772,462.48876632697795
3.4800000000000026,-2.060650892633018,-2.361523102591141,21.7570445063421,6.069284030805779,0.09559386893850164,0.0,-1.6753493498276804,-3.055300279851961,5.578005818538585,-0.0298187689025128,0.012436198051680291,0.0,427.24969028466035,425.0077059039238,426.00297346223874,426.40676888206485
3.5400000000000027,-2.1626533130957344,-2.5481444119209637,22.088615176176525,6.067468912184349,0.09650280344842699,0.0,-1.7248506532015526,-3.1657018540332014,5.474654339593879,-0.031132620775326348,0.02008639501070364,0.0,412.4255673604281,413.1007931657811,412.16586157836116,412.0493258727353
3.6000000000000028,-2.2675530176168333,-2.7412302679885574,22.41304566853097,6.065570717851106,0.09778588740268557,0.0,-1.7719660535275095,-3.270822841780111,5.340150136877333,-0.03266381506356066,0.023862336635475618,0.0,400.832349684953,401.17549513748094,400.42512176301994,400.2852912681818
3.660000000000003,-2.3753302408805688,-2.940728606650916,22.72966661251104,6.0633379694960645,0.09912740924998698,0.0,-1.8207751707041415,-3.3794600925417044,5.21426677606134,-0.04836035660973342,0.019168134884198804,0.0,402.74923027280704,402.3244130305466,403.61590430058067,402.19555375108297
3.720000000000003,-2.486729306991928,-3.148266742745127,23.04527562555916,6.060324621205822,0.10061333269590733,0.0,-1.89261774232658,-3.5387135432002004,5.30521603250294,-0.05423270144739335,0.03410058924228561,0.0,472.7270369031391,473.87654678506425,473.81054510929783,473.35734907616535
3.780000000000003,-2.602283316538531,-3.3650166889917466,23.364444006293397,6.0572900650658354,0.10239712984579086,0.0,-1.9593472680277013,-3.686583026540815,5.33321724511888,-0.044117466110252364,0.019120213058000587,0.0,456.9155076911649,455.7196549866005,454.4298436155595,455.2385319268489
3.840000000000003,-2.721871485382114,-3.5907020912964027,23.685215459032996,6.054265668787195,0.10360173737487699,0.0,-2.027022680909279,-3.8365417100196026,5.358672819305332,-0.06755795275852884,0.021924272780644585,0.0,455.319840756728,455.5441256724589,457.1698589879648,455.29621392296957
3.900000000000003,-2.8451862571007647,-3.8246753409954186,24.00409815492536,6.050233943792154,0.10463188663810996,0.0,-2.0836129791021176,-3.963029283818018,5.270838424021756,-0.06648038573414305,0.0053780481947806255,0.0,420.7697059481591,419.3344210493162,418.81851994304776,418.9085764156637
3.960000000000003,-2.9724921332519956,-4.067590650563137,24.323016101756405,6.046102006428647,0.10542787020215805,0.0,-2.15992806981642,-4.134494706240039,5.358848217848521,-0.07411980584723851,0.025626347897192783,0.0,475.8979177962857,477.4454728736323,476.1172901847492,475.52907085064305
4.020000000000002,-3.103881786673836,-4.319743222967364,24.642395189910797,6.042069182282045,0.10729266332446663,0.0,-2.2199038168704854,-4.271065134905694,5.287074874193676,-0.05611055922547372,0.04021229452773761,0.0,425.84071495538984,427.0872591822536,426.4509240824124,427.9831432617151
4.080000000000001,-3.2392684048274782,-4.580974231879383,24.96067369710238,6.038569745726729,0.10958506574093008,0.0,-2.2931816471278577,-4.436967817733714,5.321549276091462,-0.06316321382952943,0.03386033084508483,0.0,462.02651329356706,461.5259786239942,461.96274556281685,461.40393080283354
4.14,-3.378921578127074,-4.851860338436423,25.279412874714485,6.03525808818528,0.11132115855096902,0.0,-2.3620994038050314,-4.592962625311759,5.302722776288359,-0.04273843375373014,0.016604369219688823,0.0,447.1256392096579,445.71749795866606,444.8504882042316,446.51805840338756
4.199999999999998,-3.5226023206153436,-5.131879388369188,25.595764012435794,6.032845562577389,0.11234060919109101,0.0,-2.4273835363165337,-4.741380832573125,5.24222964615628,-0.035577955800751536,0.017752758612889597,0.0,431.7529086813785,431.8497385996883,433.8727667217063,434.4727886524619
4.259999999999997,-3.670480663888646,-5.421436347580825,25.91065214258189,6.031636258871103,0.11346076187278964,0.0,-2.50199328974196,-4.910752836072875,5.253561165584645,8.768177380768377e-05,0.020441736884685608,0.0,456.9816569846474,457.19593262566684,454.92295779973836,457.77038548642304
4.319999999999996,-3.822655293976449,-5.720751622033519,26.22441164712677,6.032298832144102,0.11537143124298677,0.0,-2.570671144229376,-5.066609042959713,5.205013224517353,0.026943326596823147,0.04821765065680414,0.0,436.6427532381722,438.9547543366813,437.3852952923192,439.6167150232005
4.379999999999995,-3.97945109535548,-6.0304196901293015,26.539037159832226,6.034209895568797,0.11784641496567705,0.0,-2.6560892303436066,-5.255541320244533,5.281734912054275,0.04020035513933478,0.021264387024562376,0.0,479.7046594941209,477.65382010531937,477.19800031964184,478.2093991494739
4.439999999999993,-4.1414076643794075,-6.351395781200396,26.858110311013245,6.036207100191394,0.11907265454765259,0.0,-2.7425567085985962,-5.443532068112947,5.35333736025497,0.013539251211328488,0.018729809570615243,0.0,478.41437088304855,478.2212514852946,478.96276138861674,476.93065001946474
4.499999999999992,-4.308130808485054,-6.68273930402174,27.17777661891545,6.037459723695459,0.11965342621522446,0.0,-2.815019685067009,-5.6014394190784556,5.302173486034826,0.032542321242399884,-0.02278195639363987,0.0,442.3556571654165,438.923057551642,439.9386492550842,441.5097042929217
4.559999999999991,-4.479209613349248,-7.023578674394453,27.494318666397692,6.0391713386352475,0.11839393416167887,0.0,-2.8875768585611006,-5.760039951911958,5.249287525024853,0.018960234446002255,-0.017632023964655394,0.0,440.6768441141863,441.1024493912633,439.83660048169884,438.7102381904504
4.6199999999999894,-4.65515946549131,-7.3750328440541555,27.811962656793025,6.040935425522964,0.11747143817876537,0.0,-2.9772891563257073,-5.955058975998434,5.338044980899584,0.04474215995857305,-0.011205118292317923,0.0,484.8475929393859,485.33043457156316,483.2653398011207,485.2053943851842
4.679999999999988,-4.835759910522975,-7.736732440026972,28.128933823122388,6.043132072629543,0.11671833404004683,0.0,-3.0427970822956656,-6.10185255113083,5.228079605770829,0.010689501506453153,-0.015390922912852939,0.0,423.00420558108135,422.64360115166005,423.548421235735,420.6093237945381
4.739999999999987,-5.020596410404523,-8.10789473601379,28.44181336425066,6.043815963659878,0.11585314136844715,0.0,-3.1184027403055206,-6.270465903448938,5.201077495212172,0.012779152328498892,-0.01254532855014944,0.0,448.66372818135636,448.8948717669133,449.8377428312165,450.00684295744225
4.799999999999986,-5.209886137431379,-8.489057305686075,28.752362189863213,6.045282063899638,0.11542542915533804,0.0,-3.191286799738214,-6.435213947603388,5.150543799223485,0.041073396900428674,0.001953499006824304,0.0,440.8796407815743,442.0763675203819,441.3603287615697,443.69009098682386
4.859999999999984,-5.403221121635619,-8.879463377411836,29.05703765998814,6.047686781942428,0.11562380480833045,0.0,-3.2533721213294284,-6.578689134633188,5.005896418832993,0.03801152668587587,0.005883254001864216,0.0,409.16630243539754,409.5160479243781,410.3833714416651,410.1123880145587
4.919999999999983,-5.601042883697192,-9.280013144853944,29.359247800658167,6.050392566098674,0.11582817957957392,0.0,-3.340719751364068,-6.772978044026456,5.067159060377909,0.056434242760792085,-0.0020760713064918506,0.0,476.6380813472744,476.0292080054782,475.2310644069361,476.64239051927274
4.979999999999982,-5.80388023034413,-9.69176402060319,29.66309320951257,6.053703144916778,0.11584009173962606,0.0,-3.4205827685704375,-6.952147329083174,5.060853697637791,0.05253476470622611,0.004398766681553993,0.0,456.3999164547271,456.9165291141441,456.0495921780043,455.739897142631
5.0399999999999805,-6.0111432427014915,-10.113546021151972,29.96334523157284,6.056790885231337,0.11596412842307835,0.0,-3.488338109546405,-7.107579147227465,4.9479902112928915,0.04922712331901181,-0.0030596359108972446,0.0,422.2180791384763,421.5738966256984,421.02981649899556,420.74532406963004
